Ping:

265 0 32 419 1981 2797 3950 4038
3167 1486 160 0 91 1330 2176 3662
3992 3626 2119 1276 74 0 766 1538
3213 4041 3933 2745 1899 379 8 323
949 2647 3382 4049 3289 2531 842 255
38 460 2017 3561 3967 3712 3114 1426
132 0 118 1388 3081 3697 3977 3586
2054 486 52 238 815 2493 3263 4048
3407 2682 978 342 0 360 1003 2707
3908 3796 3241 1573 794 0 59 500
2081 3605 3984 3684 2217 1362 104 0
694 1449 3141 3733 3958 2828 1991 444
35 272 868 2558 3311 4049 3365 2621
941 0 3 398 1059 2764 3939 4039
3191 1512 750 0 83 546 2143 2964
3996 3643 3007 1303 85 0 172 1512 Pong:

3785 4041 3476 2771 1063 4 0 304
1766 2616 3868 3844 3317 1666 872 0
32 1151 1989 3548 3959 3739 2306 1454
144 122 621 2250 3056 4021 3984 2910
1202 502 0 222 1617 2468 3816 4043
3433 1824 1006 0 0 1014 1825 3438
4046 3813 2457 1601 219 0 509 1213
2920 3987 4023 3052 2241 615 123 148
1456 2312 3739 4031 3537 1977 1146 31
0 882 1675 3323 3845 3881 2606 1761
298 0 406 1068 2777 3480 4040 3181
2397 736 0 87 553 2158 2979 4002
3638 2994 1291 569 0 175 1525 2374
3771 3939 3493 1912 1089 13 0 933
1737 3369 4051 3851 2546 1695 264 0
446 1126 2837 3966 4031 3129 2334 685 Average of Last 4: 3248
Ones Complement of Average: -3249Tri