Ping:

4058 4059 4054 4058 4056 0 0 0
0 0 0 4056 4054 4055 4054 0
0 0 0 0 0 4056 4053 4056
4055 4054 0 0 0 0 0 4049
4056 4055 4055 538 0 0 0 0
0 4056 4059 4057 4057 4057 0 0
0 0 0 0 4055 4054 4057 4055
0 0 0 0 0 0 4066 4055
4055 4055 4058 0 0 0 0 0
4058 4055 4058 4060 4078 0 0 0
0 0 4055 4054 4055 4055 4054 0
0 0 0 0 0 4058 4056 4056
4055 0 0 0 0 0 0 0
4056 4057 4055 4056 0 0 0 0
0 4053 4056 4056 4055 4048 0 0
0 0 0 0 4056 4056 4056 4057 Pong:

0 0 0 0 0 0 4056 4057
4056 4054 0 0 0 0 0 0
4057 4056 4055 4055 4057 0 0 0
0 0 4052 4057 4057 4057 4053 0
0 0 0 0 0 4055 4056 4057
4053 4056 0 0 0 0 0 4056
4054 4057 4049 0 0 0 0 0
0 0 4055 4055 4055 4054 0 0
0 0 0 0 4052 4057 4057 4060
4053 0 0 0 0 0 4053 4056
4056 4053 4059 0 0 0 0 0
4053 4055 4058 4059 4057 0 0 0
0 0 0 4055 4057 4057 4058 0
0 0 0 0 0 0 4053 4055
4057 4057 0 0 0 0 0 4056
4055 4054 4057 4057 0 0 0 0 Average of Last 4: 0
Ones Complement of Average: -1Sin