Ping:

1238 1784 2332 3453 3519 2971 1853 1304
184 834 1378 2501 3047 3926 2805 2257
1137 18 425 1546 2093 3213 3760 3214
2093 1541 425 19 1140 1686 2807 3925
3620 2498 1380 831 188 736 1855 2400
3521 3456 2904 1785 662 118 321 1446
2554 3115 3838 2738 2193 1071 526 491
1614 2161 3277 3829 3145 2022 1473 356
663 1209 2329 2874 3995 3552 2432 1309
765 256 802 1921 2469 3589 3383 2836
1715 599 50 970 1513 2634 3181 3791
2669 2123 1004 455 565 1107 2230 3342
3892 3079 1955 1408 288 152 1273 1819
2942 4028 3484 2361 1240 694 322 873
1992 3108 3657 3316 2767 1647 531 0
468 1580 2702 3250 3722 3177 2053 933 Pong:

88 1205 1752 2871 3417 3551 2435 1882
768 251 795 1344 2465 3585 3966 2843
1719 1171 58 389 1514 2057 3177 3794
3249 2128 1004 459 557 1105 2226 2773
3890 3080 2533 1414 295 150 1273 1817
2940 4035 3490 2368 1819 699 154 866
1985 2533 3651 3892 2774 1654 1106 0
459 1579 2124 3246 3729 3181 2057 1514
396 626 1172 2291 2838 3960 3014 2465
1344 228 218 1339 1887 3007 3554 3418
2297 1754 635 390 934 1481 2597 3720
3252 2707 1586 1038 0 522 1646 2192
3317 3658 3111 1992 1447 332 692 1238
2357 2903 4027 2945 2401 1277 736 286
1406 1952 3071 3617 3351 2231 1686 563
464 1000 2119 2667 3790 3758 2641 1515 Average of Last 4: 2316
Ones Complement of Average: -2317Tri